10,232
10,207
10,280
10,138
10,202
10,270
11,20
11,6
9,5
9,2
9,3
8,8
8,17
8,18
8,6
8,13
8,4
8,16
33,4
33,3
33,2
33,1
33,0
31,3
31,2
31,1
31,0
30,3
30,2
30,1
30,0
20,3
20,2
20,1
19,3
19,2
19,1
12,3
12,2
12,1
11,27
11,26
11,25
11,24
11,23
11,21
11,19
11,18
11,17
11,16
11,15
11,14
11,13
11,12
11,11
11,10
11,9
11,8
11,7
11,5
11,3
11,2
11,1
10,296
10,284
10,267
10,250
10,241
10,235
10,229
10,226
10,210
10,199
10,194
10,190
10,187
10,174
10,162
10,155
10,149
10,145
10,142
10,141
10,131
10,129
10,109
10,103
18,1
10,98
18,3
10,92
10,89
10,78
14,1
10,75
14,3
10,72
13,1
10,66
